dat <- structure(list(ID = c(100, 101.01, 101.02, 103, 104, 212, 401, 
402, 105.01, 203, 105.02, 256, 106, 571, 403, 107, 453, 283, 
549, 108, 313, 245, 214, 269, 109, 110, 217, 111, 112, 273, 404, 
405.01, 219, 113, 406, 272, 221, 501, 530, 407, 234, 114, 461, 
408, 115, 116, 117, 557, 409, 118, 119, 278, 503, 218, 120, 121.01, 
121.02, 123, 576, 531, 124, 240, 125.01, 126, 207, 127, 128, 
129, 130, 131, 205, 132, 281, 133, 145.07, 246, 134, 605, 135, 
136, 410, 137, 138, 302, 232, 542, 405.04, 405.02, 462, 276, 
545, 230, 139, 216.02, 140, 627, 452.02, 279, 511, 261, 141, 
204, 142, 210, 242, 143, 144, 504, 250.01, 250.02, 145.01, 145.02, 
258, 147, 148, 548, 209, 149, 150.01, 151, 152, 153, 154, 451, 
155, 157, 156, 158, 463, 220, 229.01, 229.02, 145.04, 226, 159, 
405.03, 150.02, 161, 277, 162, 262, 125.02, 163, 412, 165, 166, 
167, 216.01, 215.01, 215.02, NA, 168, 169, 170, 171, 247, 172, 
311, 173, 249, 145.03, 565, 175, 550, 257, 222, 176.02, 176.01, 
554, 546, 231.01, 231.04, 231.02, 231.03, 177, 237, 452.01, 178, 
179, 243, 244, 270, 414, 275.01, 275.02, 180, 181, 271, 182, 
183, 184, 185, 284, 317, 454, 274.02, 274.01, 415, 186, 187, 
145.06, 145.05, NA), Study = structure(c(2L, 3L, 4L, 5L, 6L, 
7L, 8L, 12L, 9L, 10L, 11L, 13L, 14L, 15L, 16L, 17L, 18L, 19L, 
20L, 21L, 22L, 23L, 24L, 25L, 26L, 27L, 28L, 29L, 30L, 31L, 32L, 
33L, 34L, 35L, 36L, 37L, 38L, 39L, 40L, 41L, 42L, 43L, 44L, 45L, 
46L, 47L, 48L, 49L, 50L, 51L, 52L, 53L, 54L, 55L, 56L, 57L, 58L, 
59L, 60L, 61L, 62L, 63L, 64L, 65L, 66L, 67L, 68L, 69L, 70L, 71L, 
72L, 73L, 74L, 75L, 76L, 77L, 78L, 79L, 80L, 81L, 82L, 83L, 84L, 
85L, 86L, 87L, 88L, 89L, 90L, 91L, 92L, 93L, 94L, 95L, 96L, 97L, 
98L, 99L, 100L, 101L, 102L, 103L, 104L, 105L, 106L, 107L, 108L, 
109L, 110L, 111L, 112L, 113L, 114L, 115L, 116L, 117L, 118L, 119L, 
120L, 121L, 122L, 123L, 124L, 125L, 126L, 127L, 128L, 129L, 130L, 
131L, 132L, 133L, 134L, 135L, 136L, 137L, 138L, 139L, 140L, 141L, 
142L, 143L, 144L, 145L, 146L, 147L, 148L, 149L, 150L, 151L, 1L, 
152L, 153L, 154L, 155L, 156L, 157L, 158L, 159L, 160L, 161L, 162L, 
163L, 164L, 165L, 166L, 167L, 168L, 169L, 170L, 171L, 172L, 173L, 
174L, 175L, 176L, 177L, 178L, 179L, 180L, 181L, 182L, 183L, 184L, 
185L, 186L, 187L, 188L, 189L, 190L, 191L, 192L, 193L, 194L, 195L, 
196L, 197L, 198L, 199L, 200L, 201L, 202L, 1L), .Label = c("", 
"Adler (1988)", "Allen, et al (1985) 1", "Allen, et al. (1986) 1", 
"Andreoli, et al. (1993) 2", "Ankuta (1993)", "Arnow, et al. (2003)", 
"Baldwin (2007)", "Barber, et al. (1999) 1", "Barber, et al. (2000)", 
"Barber, et al. (2001) 1", "Barber, et al. (2006)", "Barber, et al. (2008)", 
"Barkham, et al. (1993)", "Bassler, et al. (1995)", "Bethea, et al. (2008)", 
"Bieschke, et al. (1995)", "Biscoglio (2005)", "Botella (2008)", 
"Bredel et al. (2004)", "Broome (1996) 2", "Brotman (2004)", 
"Burns, et al. (2007)", "Busseri, et al. (2003)", "Busseri, et al. (2004)", 
"Card (1991)", "Castonguay, et al. (1996)", "Chilly (2004) 2", 
"Cislo (1998)", "Clarkin, et al. (1987)", "Cloitre, et al. (2004)", 
"Coleman (2006)", "Connors, et al. (1997) 1", "Constantino, et al. (2005) 2", 
"Crits-Cristoph, , et al. (1988)", "Davis, et al. (2007)", "de Roten, et al. (2004)", 
"Dearing, et al. (2005)", "Deu, et al. (2009)", "Dorsch, et al. (2002)", 
"Dundon, et al. (2008)", "Dunn, et al. (2006)", "Eaton, et al. (1988)", 
"Emmerling, et al. (2009)", "Fakhoury, et al. (2007)", "Feeley (1993)", 
"Ferleger (1993)", "Florsheim, et al. (2000)", "Flückiger, et al. (2005)", 
"Forbes, et al. (2008)", "Forman (1990)", "Frank, et al. (1990)", 
"Freitas (2001)", "Fries, et al. (2003) 2", "Gaiton (2004)", 
"Gallop, et al. (1994)", "Gaston, et al. (1991) 1, 2", "Gaston, et al. (1994) 1, 2", 
"Gaston, et al. (1998)", "Geider (1997)", "Geiser, et al. (2002)", 
"Gerstley, et al. (1989)", "Godfrey, et al. (2007)", "Gomes-Swartz (1978) 1", 
"Greenberg, et al. (1982)", "Greenberg, et al. (2002)", "Grob, et al. (1989)", 
"Gunderson, et al. (1997)", "Gunther (1991)", "Gutfreund (1992)", 
"Hansson , et al. (1992)", "Hardy, et al. (2001)", "Hartley, et al. (1983)", 
"Hartmann (2001)", "Hatcher, et al. (1996)", "Hawley, et al. (2006) 1", 
"Hayes, et al. (2007)", "Hays (1994)", "Hervé, et al. (2008)", 
"Hilliard, et al. (2000)", "Hopkins (1988)", "Hopkins, et al. (2006)", 
"Horowitz, et al. (1984)", "Horvath (1981)", "Howard (2003)", 
"Howard, et al. (2006)", "Huber, et al. (2003)", "Ilgen, et al. (2006a) 1", 
"Ilgen, et al. (2006b) 1", "Irelan (2004)", "Jacob (2003)", "Janecke (2003)", 
"Johansson, et al. (2006)", "Joyce, et al. (1998)", "Joyce, et al. (2003) 1", 
"Jumes (1995)", "Kabuth, et al. (2005)", "Karver, et al. (2008) 1", 
"Katz (1999)", "Kech (2008)", "Kelly, et al. (2009)", "Kivlighan, et al. (1995)", 
"Kivlighan, et al. (2000)", "Klee, et al. (1990)", "Klein, et al. (2003)", 
"Knaevelsrud, et al. (2007)", "Kokotovic, et al. (1990)", "Kolden (1996)", 
"Konzag, et al. (2004)", "Kramer, et al. (2008) 1", "Kramer, et al. (2009) 1", 
"Krupnick, et al. (1994) 1", "Krupnick, et al. (1996) ", "Kukla, et al. (2009)", 
"Lansford (1986)", "Lieberman, et al. (1992)", "Liebler, et al. (2004)", 
"Loneck, et al. (2002)", "Luborsky, et al. (1983)", "Luborsky, et al. (1985) 1", 
"Mallinckrodt (1993)", "Mallinckrodt (1996)", "Marmar, et al. (1989 a) 2", 
"Marmar, et al. (1989 b)", "Marmarosh, et al. (2009)", "Marshel (1986)", 
"Marziali (1981)", "Marziali (1984)", "Marziali, et al. (1999) 2", 
"Mc Neil (2006)", "McLeod, et al. (2005)", "Meier, et al. (2006 a) 1", 
"Meier, et al. (2006 b) 1", "Meyer, et al. (2002) 1", "Missirlian (2005)", 
"Mohl, et al. (1991)", "Moleiro (2003) 1", "Morgan, et al. (1982) 1", 
"Moseley (1983)", "Multon (2001)", "Muran, et al. (1995)", "Muran, et al. (2009)", 
"O'Malley, et al. (1983) 1", "Ogrodniczuk, et al. (2000)", "Pantalon, et al. (2004)", 
"Pavio, et al. (1998)", "Piper, et al. (1991)", "Piper, et al. (1995)", 
"Piper, et al. (2004) 1", "Pos (2007)", "Pos, et al. (2009)", 
"Priebe, et al. (1993)", "Prigatano, et al. (1994)", "Pugh (1991)", 
"Pyne (1991)", "Ramnerö (2007)", "Reiner (1987)", "Reis, et al. (2004)", 
"Riley (1992)", "Rogers, et al. (2008)", "Rounsaville, et al. (1987) 1", 
"Rudolf, et al. (1993)", "Safran, et al. (1991)", "Sammet, et al. (2004)", 
"Samstag, et al. (2008)", "Santiago, et al. (2005)", "Saunders (2000) 1", 
"Saunders, et al. (1989) 1", "Schauenburg, et al. (2005)", "Schleussner (2005)", 
"Schönberger, et al. (2006a) 1", "Schönberger, et al. (2006b) 1", 
"Schönberger, et al. (2006c) 1", "Schönberger, et al. (2007) 1", 
"Sexton (1996)", "Sherer, et al. (2007)", "Shirk, et al. (2008) 1", 
"Solomon et al. (1995)", "Sonnenberg (1996)", "Spinhoven, et al. (2007)", 
"Stevens, et al. (2007)", "Stiles, et al. (2004)", "Strauser, et al. (2004) 2", 
"Strauss (2001)", "Strauss et al. (2006)", "Svartberg, et al. (1994)", 
"Tichenor (1989)", "Trepka, et al. (2004)", "Tryon, et al. (1990)", 
"Tryon, et al. (1993)", "Tryon, et al. (1995)", "Tunis, et al. (1995)", 
"Van (2008)", "Vogel, et al. (2006)", "Vronmans (2007)", "Wettersten (2000)", 
"Wettersten (2005) 2", "Wilson, et al. (2002)", "Windholtz, et al. (1988)", 
"Yeomans, et al. (1994)", "Zuroff, et al. (2000)", "Zuroff, et al. (2006)"
), class = "factor"),